DEV 1990-2007: CAGR PPUT 0.0649, linz_h0.0 0.0590, linz_h0.025 0.0570, SP500TR 0.1044
TEST 2008-2026: CAGR PPUT 0.0881, linz_h0.0 0.0860, linz_h0.025 0.0835, SP500TR 0.1149
ALL: CAGR PPUT 0.0763, linz_h0.0 0.0723, linz_h0.025 0.0701, SP500TR 0.1093
yearly (replication - PPUT): mean / sd / corr of yearly returns
  linz_h0.0: mean -0.0036 sd 0.0196 corr 0.991
  linz_h0.025: mean -0.0057 sd 0.0192 corr 0.991
  1990-1999 mean yearly diff: linz_h0.0 -0.0006, linz_h0.025 -0.0024, SP500TR +0.0616
  2000-2007 mean yearly diff: linz_h0.0 -0.0122, linz_h0.025 -0.0142, SP500TR +0.0215
  2008-2026 mean yearly diff: linz_h0.0 -0.0015, linz_h0.025 -0.0038, SP500TR +0.0327

        PPUT  linz_h0.0  linz_h0.025  SP500TR
1990 -0.0885    -0.0798      -0.0820  -0.0480
1991  0.2331     0.2237       0.2220   0.3047
1992  0.0341     0.0331       0.0320   0.0762
1993  0.0730     0.0700       0.0693   0.1008
1994 -0.0169    -0.0200      -0.0208   0.0132
1995  0.3475     0.3426       0.3418   0.3758
1996  0.1834     0.1785       0.1771   0.2296
1997  0.2137     0.2116       0.2088   0.3336
1998  0.1907     0.1983       0.1949   0.2858
1999  0.0923     0.0990       0.0958   0.2065
2000 -0.1395    -0.1615      -0.1636  -0.0881
2001 -0.0209    -0.0554      -0.0586  -0.1189
2002 -0.1756    -0.1741      -0.1771  -0.2210
2003  0.1931     0.1680       0.1653   0.2868
2004  0.0601     0.0541       0.0528   0.1088
2005  0.0228     0.0146       0.0137   0.0491
2006  0.1228     0.1180       0.1170   0.1579
2007 -0.0048    -0.0037      -0.0054   0.0549
2008 -0.2011    -0.2172      -0.2213  -0.3700
2009  0.0871     0.0810       0.0758   0.2646
2010  0.1171     0.0722       0.0693   0.1506
2011 -0.0144    -0.0022      -0.0055   0.0211
2012  0.1000     0.0898       0.0879   0.1600
2013  0.2706     0.2681       0.2668   0.3239
2014  0.1116     0.1004       0.0992   0.1369
2015 -0.0514    -0.0291      -0.0307   0.0138
2016  0.0833     0.0710       0.0695   0.1196
2017  0.1857     0.1822       0.1813   0.2183
2018 -0.0365    -0.0269      -0.0283  -0.0438
2019  0.2529     0.2508       0.2493   0.3149
2020  0.2908     0.3761       0.3703   0.1840
2021  0.1833     0.1782       0.1756   0.2871
2022 -0.1981    -0.1995      -0.2022  -0.1811
2023  0.1917     0.1810       0.1792   0.2629
2024  0.2052     0.1926       0.1911   0.2502
2025  0.1433     0.1217       0.1197   0.1788
2026  0.0928     0.0956       0.0942   0.1440
